1098776583
1678486102
100010359333231
100070407090464
100011780140230
100081501395602
100011772228791
100087259413644
100004712762379
100005519588197
100078848708317
100082918977710
100028357537659
100024705697531
100064110843106
100047417012411
100010054711008
100064632405109
100005997875994
100083004086791
100082249275681
100072066622176
100005611157045
100086291628009
100007456120933
100010297963287
100005789011404
100030763157262
100075512981090
100048028974339
100017541338389
100025232161679
100058775844086
100089041968377
100094397299838
100013432128187
100020615886710
100034737954546
100047202432989
100044260064644
100024043395422
100015860352166
100007347360004
100011680392905
100026551891359
100072535286037
61553873350762
100085912988302
100036457547616
100072574186657
100000092153396
100079187029164
100001319454816
100038329658676
100075037641450
100034401112929
100080910999064
100063959522553
100015720675447
100040471081241
100001554868177
100092555892983
100009505519344
100037536682821
100045714078061
61550038285710
100012614231343
100003404405623
100008064632307
100026771030322
100008506685610
100031590334130
100003854170076
100018027229294
100057208051033
100004981059024
100051361129130
100072484163541
100085927217966
100071817908823
100078447355471
100051019291323
100004788425371
100065771881888
100071778875419
100022029608979
100050750813992
100074258434151
100035243979057
100011324019945
100007063179742
100002508014686
100072449684812
100082131646940
100042454600409
100068331439360
100004251604637
100001572318240
100002429854767
100004054637706
100093939422726
100025045991429
100053802932475
100002834157636
100025072207834
100014392510045
100004324209786
100040308941387
100003139021620
100013288098390
100071178750465
100011305303652
100062172632872
100027379429087
100008832734033
100064837522086
100075603854101
100024049265981
100069659816977
100083009643369
100047837822357
100063630526320
100041305601676
100002999033060
100058486171562
100051613002461
100010114240485
100003762738527
100077442485320
100089100786840
100010862651322
100090732222587
100045965601930
100089638107529
100089870237710
100014426195894
100068492056339
100028585695259
100089648847010
100023319580963
100010569158088
100060751233169
100001778737244
100086935154626
100087596088656
100065268841472
100073940333003
100010343561432
100071793248333
100024762547837
100052326850860
100030812559645
100077561530547
100063898598780
100078128012862
100015319177876
100008800757198
100050500117772
100009643517651
100064810553632
100077379915092
100003902731535
100028344859641
100076932894248
100065605001128
